=================================================
DATASET: ./dataset/mnist_train_576_rbf_8vr.dat
Ramdom Sampling SVM with Ratio
Adjusted RS SVM ver 2 with Train/Total = 0.500000
i = 1	m = 100	k = 600
100
	0.021667	0.581667
	0.030000	0.596667
	0.025000	0.581667
	0.030000	0.583333
	0.033333	0.600000
	0.016667	0.600000
	0.031667	0.565000
	0.018333	0.608333
	0.030000	0.595000
	0.031667	0.560000
	0.030000	0.598333
	0.026667	0.600000
	0.030000	0.588333
	0.028333	0.560000
	0.013333	0.631667
	0.018333	0.581667
	0.023333	0.573333
	0.028333	0.581667
	0.016667	0.568333
	0.008333	0.578333
	0.025000	0.521667
	0.026667	0.608333
	0.015000	0.561667
	0.021667	0.625000
	0.028333	0.590000
	0.021667	0.581667
	0.026667	0.556667
	0.040000	0.600000
	0.023333	0.546667
	0.030000	0.566667
	0.031667	0.606667
	0.013333	0.583333
	0.025000	0.583333
	0.023333	0.578333
	0.043333	0.581667
	0.028333	0.573333
	0.016667	0.558333
	0.031667	0.566667
	0.023333	0.598333
	0.021667	0.593333
	0.040000	0.561667
	0.026667	0.538333
	0.040000	0.580000
	0.026667	0.578333
	0.015000	0.581667
	0.013333	0.611667
	0.018333	0.563333
	0.025000	0.608333
	0.025000	0.611667
	0.028333	0.590000
Number of SVs: 34920 / 60000
Execute time (in second): 38.46747851371765
i = 2	m = 50	k = 699
50
	0.032904	0.658083
	0.032904	0.612303
	0.012876	0.597997
	0.021459	0.629471
	0.028612	0.678112
	0.024320	0.606581
	0.032904	0.608011
	0.022890	0.645207
	0.030043	0.642346
	0.020029	0.638054
	0.020029	0.633763
	0.025751	0.629471
	0.025751	0.602289
	0.024320	0.587983
	0.022890	0.565093
	0.045780	0.618026
	0.041488	0.629471
	0.027182	0.643777
	0.021459	0.649499
	0.030043	0.630901
	0.027182	0.602289
	0.027182	0.585122
	0.018598	0.633763
	0.020029	0.609442
	0.028401	0.600858
Number of SVs: 21697 / 34920
Execute time (in second): 67.78911709785461
i = 3	m = 34	k = 651
34
	0.038402	0.712750
	0.033794	0.720430
	0.039939	0.703533
	0.016897	0.738863
	0.021505	0.688172
	0.026114	0.686636
	0.024578	0.714286
	0.021505	0.735791
	0.019969	0.748080
	0.029186	0.726575
	0.026114	0.735791
	0.024578	0.715822
	0.038402	0.718894
	0.033794	0.737327
	0.032258	0.709677
	0.033794	0.680492
	0.051402	0.737327
Number of SVs: 15616 / 21697
Execute time (in second): 86.93802571296692
i = 4	m = 25	k = 625
25
	0.032000	0.777600
	0.052800	0.710400
	0.038400	0.771200
	0.044800	0.729600
	0.041600	0.763200
	0.033600	0.827200
	0.041600	0.806400
	0.027200	0.800000
	0.044800	0.772800
	0.020800	0.764800
	0.032000	0.763200
	0.040000	0.742400
Number of SVs: 11987 / 15616
Execute time (in second): 100.65391612052917
i = 5	m = 20	k = 600
20
	0.053333	0.785000
	0.063333	0.816667
	0.038333	0.828333
	0.033333	0.821667
	0.021667	0.825000
	0.035000	0.863333
	0.036667	0.810000
	0.031667	0.816667
	0.053333	0.818333
	0.040886	0.726667
Number of SVs: 9724 / 11987
Execute time (in second): 111.17185807228088
Remain SVs: [ 562 1614]
Training time: 146.6446042060852
Accuracy 0.997200
Total time: 181.80286121368408

Adjusted RS SVM ver 2 with Train/Total = 0.600000
i = 1	m = 100	k = 600
100
	0.025000	0.537500
	0.022917	0.533333
	0.025000	0.541667
	0.027083	0.516667
	0.020833	0.554167
	0.029167	0.541667
	0.029167	0.561111
	0.022917	0.538889
	0.016667	0.534722
	0.031250	0.550000
	0.037500	0.540278
	0.020833	0.534722
	0.033333	0.512500
	0.018750	0.573611
	0.033333	0.568056
	0.031250	0.526389
	0.027083	0.534722
	0.029167	0.556944
	0.029167	0.536111
	0.031250	0.520833
	0.027083	0.509722
	0.033333	0.552778
	0.022917	0.547222
	0.022917	0.525000
	0.014583	0.580556
	0.018750	0.559722
	0.018750	0.540278
	0.008333	0.547222
	0.020833	0.541667
	0.027083	0.508333
	0.029167	0.518056
	0.016667	0.488889
	0.014583	0.547222
	0.014583	0.490278
	0.016667	0.541667
	0.010417	0.556944
	0.035417	0.533333
	0.027083	0.515278
	0.018750	0.550000
	0.018750	0.568056
	0.025000	0.531944
	0.033333	0.490278
	0.010417	0.541667
	0.025000	0.577778
	0.022917	0.550000
	0.033333	0.505556
	0.016667	0.573611
	0.016667	0.518056
	0.027083	0.570833
	0.043750	0.454167
Number of SVs: 32167 / 60000
Execute time (in second): 38.83934020996094
i = 2	m = 50	k = 644
50
	0.015534	0.661061
	0.029126	0.609314
	0.025243	0.626132
	0.015534	0.593790
	0.033010	0.611902
	0.019417	0.626132
	0.044660	0.618370
	0.021359	0.645537
	0.031068	0.632600
	0.029126	0.609314
	0.029126	0.635188
	0.025243	0.624838
	0.023301	0.628719
	0.023301	0.631307
	0.033010	0.596378
	0.034951	0.633894
	0.023301	0.597671
	0.021359	0.609314
	0.031068	0.614489
	0.038835	0.641656
	0.040777	0.623545
	0.027184	0.601552
	0.011650	0.684347
	0.021359	0.655886
	0.024896	0.632600
Number of SVs: 20132 / 32167
Execute time (in second): 69.53282403945923
i = 3	m = 34	k = 604
34
	0.055901	0.681379
	0.037267	0.726897
	0.039337	0.697931
	0.024845	0.729655
	0.043478	0.706207
	0.022774	0.726897
	0.039337	0.711724
	0.031056	0.748966
	0.031056	0.681379
	0.047619	0.729655
	0.031056	0.720000
	0.031056	0.707586
	0.026915	0.737931
	0.033126	0.737931
	0.026915	0.711724
	0.020704	0.722759
	0.075949	0.742069
Number of SVs: 14466 / 20132
Execute time (in second): 89.46456384658813
i = 4	m = 25	k = 579
25
	0.043197	0.785612
	0.030238	0.808633
	0.028078	0.797122
	0.045356	0.804317
	0.036717	0.795683
	0.045356	0.772662
	0.038877	0.784173
	0.045356	0.766906
	0.028078	0.798561
	0.038877	0.765468
	0.017279	0.753957
	0.041037	0.805755
Number of SVs: 11382 / 14466
Execute time (in second): 103.68294835090637
i = 5	m = 20	k = 570
20
	0.028509	0.827485
	0.035088	0.855263
	0.037281	0.847953
	0.024123	0.815789
	0.041667	0.842105
	0.039474	0.847953
	0.017544	0.840643
	0.021930	0.837719
	0.026316	0.837719
	0.045662	0.823099
Number of SVs: 9540 / 11382
Execute time (in second): 115.2549934387207
Remain SVs: [ 636 1734]
Training time: 152.55660891532898
Accuracy 0.997600
Total time: 190.82544255256653

Adjusted RS SVM ver 2 with Train/Total = 0.700000
i = 1	m = 100	k = 600
100
	0.019444	0.508333
	0.033333	0.489286
	0.016667	0.509524
	0.008333	0.501190
	0.027778	0.510714
	0.025000	0.527381
	0.016667	0.511905
	0.025000	0.526190
	0.019444	0.540476
	0.013889	0.533333
	0.008333	0.508333
	0.022222	0.503571
	0.022222	0.503571
	0.027778	0.490476
	0.005556	0.454762
	0.013889	0.496429
	0.016667	0.519048
	0.013889	0.528571
	0.013889	0.478571
	0.011111	0.495238
	0.022222	0.490476
	0.022222	0.521429
	0.019444	0.547619
	0.019444	0.490476
	0.038889	0.486905
	0.016667	0.519048
	0.022222	0.491667
	0.016667	0.497619
	0.022222	0.494048
	0.016667	0.526190
	0.027778	0.498810
	0.030556	0.539286
	0.011111	0.492857
	0.008333	0.501190
	0.013889	0.451190
	0.027778	0.467857
	0.025000	0.478571
	0.013889	0.520238
	0.016667	0.521429
	0.016667	0.501190
	0.016667	0.500000
	0.030556	0.458333
	0.022222	0.498810
	0.013889	0.519048
	0.019444	0.536905
	0.016667	0.478571
	0.019444	0.520238
	0.030556	0.511905
	0.038889	0.467857
	0.025000	0.526190
Number of SVs: 30178 / 60000
Execute time (in second): 41.69343042373657
i = 2	m = 50	k = 604
50
	0.024862	0.648936
	0.013812	0.601655
	0.046961	0.634752
	0.049724	0.625296
	0.035912	0.618203
	0.027624	0.630024
	0.019337	0.635934
	0.030387	0.609929
	0.024862	0.639480
	0.033149	0.626478
	0.035912	0.631206
	0.019337	0.654846
	0.035912	0.661939
	0.019337	0.611111
	0.022099	0.645390
	0.030387	0.606383
	0.019337	0.615839
	0.024862	0.645390
	0.016575	0.612293
	0.019337	0.659574
	0.035912	0.656028
	0.033149	0.666667
	0.041436	0.620567
	0.027624	0.639480
	0.032353	0.614657
Number of SVs: 19077 / 30178
Execute time (in second): 74.16822838783264
i = 3	m = 34	k = 573
34
	0.023324	0.742217
	0.040816	0.732254
	0.034985	0.729763
	0.034985	0.712329
	0.029155	0.738481
	0.049563	0.723537
	0.023324	0.714819
	0.034985	0.747198
	0.034985	0.775841
	0.040816	0.719801
	0.026239	0.747198
	0.034985	0.732254
	0.032070	0.793275
	0.023324	0.744707
	0.017493	0.753425
	0.034985	0.678705
	0.023324	0.698630
Number of SVs: 14287 / 19077
Execute time (in second): 96.01023960113525
i = 4	m = 25	k = 572
25
	0.037901	0.786517
	0.049563	0.785268
	0.020408	0.756554
	0.055394	0.726592
	0.040816	0.755306
	0.049563	0.784020
	0.046647	0.797753
	0.034985	0.808989
	0.037901	0.813983
	0.052478	0.747815
	0.037901	0.780275
	0.037901	0.797753
Number of SVs: 11184 / 14287
Execute time (in second): 112.2216968536377
i = 5	m = 20	k = 560
20
	0.035714	0.817602
	0.029762	0.801020
	0.044643	0.827806
	0.044643	0.816327
	0.023810	0.845663
	0.038690	0.832908
	0.023810	0.864796
	0.032738	0.830357
	0.032738	0.859694
	0.043750	0.836735
Number of SVs: 9323 / 11184
Execute time (in second): 125.26892471313477
Remain SVs: [ 697 1804]
Training time: 163.76053190231323
Accuracy 0.998000
Total time: 204.14158868789673

Adjusted RS SVM ver 2 with Train/Total = 0.800000
i = 1	m = 100	k = 600
100
	0.033333	0.427083
	0.016667	0.497917
	0.020833	0.462500
	0.012500	0.472917
	0.029167	0.481250
	0.029167	0.461458
	0.012500	0.467708
	0.033333	0.484375
	0.012500	0.496875
	0.033333	0.498958
	0.008333	0.535417
	0.004167	0.489583
	0.000000	0.465625
	0.012500	0.491667
	0.037500	0.493750
	0.012500	0.455208
	0.008333	0.526042
	0.029167	0.483333
	0.033333	0.462500
	0.025000	0.470833
	0.025000	0.421875
	0.029167	0.440625
	0.029167	0.470833
	0.029167	0.469792
	0.016667	0.486458
	0.012500	0.481250
	0.025000	0.472917
	0.016667	0.470833
	0.020833	0.489583
	0.016667	0.441667
	0.008333	0.478125
	0.020833	0.485417
	0.029167	0.495833
	0.020833	0.505208
	0.008333	0.491667
	0.012500	0.487500
	0.012500	0.475000
	0.016667	0.469792
	0.008333	0.494792
	0.020833	0.488542
	0.025000	0.447917
	0.029167	0.476042
	0.037500	0.460417
	0.016667	0.489583
	0.045833	0.467708
	0.025000	0.478125
	0.033333	0.478125
	0.012500	0.438542
	0.012500	0.469792
	0.012500	0.466667
Number of SVs: 28527 / 60000
Execute time (in second): 44.67823910713196
i = 2	m = 50	k = 571
50
	0.013158	0.626915
	0.017544	0.633479
	0.061404	0.626915
	0.035088	0.624726
	0.017544	0.688184
	0.017544	0.625821
	0.030702	0.629103
	0.030702	0.626915
	0.017544	0.629103
	0.039474	0.659737
	0.013158	0.590810
	0.017544	0.630197
	0.013158	0.661926
	0.030702	0.644420
	0.021930	0.653173
	0.021930	0.669584
	0.021930	0.622538
	0.030702	0.642232
	0.017544	0.653173
	0.035088	0.614880
	0.035088	0.652079
	0.048246	0.630197
	0.026316	0.672867
	0.021930	0.655361
	0.029268	0.650985
Number of SVs: 18264 / 28527
Execute time (in second): 78.87888240814209
i = 3	m = 34	k = 548
34
	0.036530	0.753706
	0.036530	0.778791
	0.031963	0.717218
	0.018265	0.738883
	0.031963	0.773090
	0.045662	0.721779
	0.013699	0.742303
	0.031963	0.766249
	0.050228	0.758267
	0.027397	0.714937
	0.045662	0.746864
	0.018265	0.767389
	0.018265	0.769669
	0.036530	0.755986
	0.009132	0.740023
	0.022831	0.758267
	0.022831	0.636260
Number of SVs: 13840 / 18264
Execute time (in second): 101.94651937484741
i = 4	m = 25	k = 554
25
	0.045249	0.809470
	0.058824	0.801578
	0.018100	0.785795
	0.027149	0.808343
	0.054299	0.758737
	0.040724	0.800451
	0.040724	0.810598
	0.063348	0.758737
	0.027149	0.785795
	0.036199	0.797069
	0.027149	0.801578
	0.027149	0.777903
Number of SVs: 11009 / 13840
Execute time (in second): 119.56316065788269
i = 5	m = 20	k = 551
20
	0.018182	0.786848
	0.031818	0.843537
	0.063636	0.810658
	0.040909	0.836735
	0.031818	0.829932
	0.009091	0.882086
	0.027273	0.837868
	0.040909	0.824263
	0.040909	0.832200
	0.038278	0.817460
Number of SVs: 9136 / 11009
Execute time (in second): 134.00407576560974
Remain SVs: [ 767 1918]
Training time: 174.357097864151
Accuracy 0.998000
Total time: 217.6470935344696

Adjusted RS SVM ver 2 with Train/Total = 0.900000
i = 1	m = 100	k = 600
100
	0.041667	0.448148
	0.025000	0.416667
	0.000000	0.475926
	0.033333	0.432407
	0.025000	0.444444
	0.008333	0.396296
	0.016667	0.445370
	0.025000	0.454630
	0.008333	0.464815
	0.000000	0.440741
	0.033333	0.494444
	0.008333	0.447222
	0.058333	0.473148
	0.016667	0.450000
	0.016667	0.477778
	0.025000	0.450000
	0.033333	0.449074
	0.033333	0.460185
	0.025000	0.502778
	0.000000	0.423148
	0.008333	0.475000
	0.008333	0.437037
	0.008333	0.470370
	0.008333	0.446296
	0.025000	0.480556
	0.033333	0.475000
	0.033333	0.475000
	0.025000	0.445370
	0.016667	0.455556
	0.008333	0.448148
	0.033333	0.450000
	0.025000	0.452778
	0.008333	0.442593
	0.008333	0.418519
	0.016667	0.432407
	0.016667	0.470370
	0.016667	0.447222
	0.000000	0.468519
	0.008333	0.446296
	0.008333	0.490741
	0.000000	0.462037
	0.016667	0.472222
	0.025000	0.458333
	0.016667	0.486111
	0.000000	0.478704
	0.058333	0.405556
	0.008333	0.440741
	0.025000	0.462037
	0.016667	0.465741
	0.016667	0.450000
Number of SVs: 27260 / 60000
Execute time (in second): 47.68019771575928
i = 2	m = 50	k = 546
50
	0.027523	0.673449
	0.036697	0.640895
	0.027523	0.639878
	0.064220	0.665310
	0.036697	0.632757
	0.036697	0.610376
	0.018349	0.665310
	0.009174	0.693795
	0.009174	0.681587
	0.036697	0.665310
	0.027523	0.683622
	0.036697	0.629705
	0.027523	0.667345
	0.036697	0.614446
	0.045872	0.663276
	0.036697	0.625636
	0.018349	0.666328
	0.036697	0.636826
	0.027523	0.687691
	0.018349	0.671414
	0.009174	0.635809
	0.055046	0.664293
	0.036697	0.660224
	0.027523	0.618515
	0.014493	0.629705
Number of SVs: 17798 / 27260
Execute time (in second): 83.99362397193909
i = 3	m = 34	k = 534
34
	0.009434	0.745322
	0.009434	0.773389
	0.018868	0.780665
	0.000000	0.761954
	0.009434	0.746362
	0.037736	0.799376
	0.009434	0.744283
	0.028302	0.743243
	0.056604	0.735967
	0.047170	0.721414
	0.018868	0.776507
	0.037736	0.714137
	0.028302	0.729730
	0.037736	0.748441
	0.047170	0.780665
	0.047170	0.783784
	0.000000	0.604990
Number of SVs: 13536 / 17798
Execute time (in second): 108.8228235244751
i = 4	m = 25	k = 542
25
	0.055556	0.800205
	0.046296	0.797131
	0.018519	0.778689
	0.037037	0.806352
	0.037037	0.813525
	0.009259	0.785861
	0.037037	0.803279
	0.009259	0.832992
	0.027778	0.812500
	0.027778	0.827869
	0.027778	0.830943
	0.027778	0.831967
Number of SVs: 11015 / 13536
Execute time (in second): 128.05601048469543
Remain SVs: [ 858 2120]
Training time: 182.4595546722412
Accuracy 0.998000
Total time: 230.49168014526367

=================================================
DATASET: ./dataset/mnist_train_784_poly_8vr.dat
Ramdom Sampling SVM with Ratio
Adjusted RS SVM ver 2 with Train/Total = 0.500000
i = 1	m = 100	k = 600
100
	0.058333	0.306667
	0.033333	0.335000
	0.051667	0.290000
	0.025000	0.288333
	0.038333	0.306667
	0.031667	0.290000
	0.025000	0.311667
	0.028333	0.308333
	0.028333	0.321667
	0.033333	0.326667
	0.046667	0.263333
	0.048333	0.310000
	0.023333	0.295000
	0.030000	0.278333
	0.046667	0.298333
	0.046667	0.341667
	0.033333	0.310000
	0.031667	0.301667
	0.035000	0.268333
	0.046667	0.288333
	0.028333	0.280000
	0.051667	0.311667
	0.040000	0.286667
	0.033333	0.290000
	0.030000	0.303333
	0.033333	0.318333
	0.031667	0.283333
	0.040000	0.241667
	0.041667	0.310000
	0.030000	0.331667
	0.021667	0.338333
	0.026667	0.313333
	0.038333	0.283333
	0.023333	0.283333
	0.018333	0.310000
	0.043333	0.315000
	0.038333	0.311667
	0.033333	0.253333
	0.035000	0.323333
	0.033333	0.263333
	0.041667	0.305000
	0.040000	0.296667
	0.040000	0.261667
	0.028333	0.290000
	0.036667	0.323333
	0.038333	0.315000
	0.038333	0.261667
	0.040000	0.275000
	0.040000	0.291667
	0.036667	0.270000
Number of SVs: 17809 / 60000
Execute time (in second): 8.804439306259155
i = 2	m = 50	k = 357
50
	0.070028	0.507003
	0.044818	0.526611
	0.075630	0.504202
	0.089636	0.512605
	0.070028	0.417367
	0.089636	0.543417
	0.067227	0.518207
	0.067227	0.526611
	0.089636	0.459384
	0.075630	0.504202
	0.098039	0.523810
	0.086835	0.495798
	0.072829	0.509804
	0.036415	0.560224
	0.056022	0.501401
	0.078431	0.512605
	0.072829	0.507003
	0.067227	0.563025
	0.086835	0.529412
	0.061625	0.495798
	0.081232	0.588235
	0.084034	0.492997
	0.056022	0.507003
	0.067227	0.551821
	0.079114	0.509804
Number of SVs: 9163 / 17809
Execute time (in second): 11.674225330352783
i = 3	m = 34	k = 275
34
	0.112727	0.610909
	0.080000	0.676364
	0.101818	0.690909
	0.069091	0.694545
	0.116364	0.661818
	0.127273	0.629091
	0.170909	0.650909
	0.116364	0.701818
	0.080000	0.676364
	0.080000	0.680000
	0.083636	0.672727
	0.090909	0.672727
	0.083636	0.709091
	0.109091	0.669091
	0.127273	0.618182
	0.120000	0.581818
	0.136364	0.603636
Number of SVs: 6066 / 9163
Execute time (in second): 13.238332509994507
i = 4	m = 25	k = 243
25
	0.127572	0.728395
	0.127572	0.670782
	0.115226	0.716049
	0.185185	0.765432
	0.139918	0.769547
	0.135802	0.744856
	0.098765	0.781893
	0.123457	0.761317
	0.115226	0.732510
	0.106996	0.781893
	0.144033	0.724280
	0.139918	0.711934
Number of SVs: 4475 / 6066
Execute time (in second): 14.175090312957764
i = 5	m = 20	k = 224
20
	0.151786	0.821429
	0.120536	0.812500
	0.178571	0.808036
	0.129464	0.750000
	0.089286	0.781250
	0.218750	0.812500
	0.138393	0.825893
	0.102679	0.852679
	0.142857	0.812500
	0.173516	0.816964
Number of SVs: 3617 / 4475
Execute time (in second): 14.917634725570679
Remain SVs: [562 683]
Training time: 18.51907706260681
Accuracy 0.993100
Total time: 27.53687882423401

Adjusted RS SVM ver 2 with Train/Total = 0.600000
i = 1	m = 100	k = 600
100
	0.041667	0.251389
	0.033333	0.311111
	0.039583	0.255556
	0.035417	0.284722
	0.037500	0.272222
	0.037500	0.294444
	0.033333	0.312500
	0.025000	0.240278
	0.025000	0.334722
	0.033333	0.255556
	0.022917	0.277778
	0.031250	0.259722
	0.045833	0.268056
	0.029167	0.280556
	0.043750	0.258333
	0.029167	0.312500
	0.041667	0.254167
	0.025000	0.273611
	0.027083	0.275000
	0.014583	0.305556
	0.035417	0.301389
	0.020833	0.294444
	0.022917	0.269444
	0.018750	0.295833
	0.039583	0.318056
	0.029167	0.281944
	0.031250	0.272222
	0.043750	0.280556
	0.043750	0.301389
	0.039583	0.275000
	0.045833	0.244444
	0.043750	0.247222
	0.033333	0.254167
	0.025000	0.269444
	0.039583	0.255556
	0.060417	0.256944
	0.029167	0.297222
	0.037500	0.281944
	0.031250	0.266667
	0.052083	0.287500
	0.031250	0.297222
	0.018750	0.286111
	0.035417	0.254167
	0.035417	0.233333
	0.037500	0.288889
	0.043750	0.250000
	0.027083	0.306944
	0.035417	0.272222
	0.035417	0.268056
	0.033333	0.313889
Number of SVs: 16632 / 60000
Execute time (in second): 9.690579175949097
i = 2	m = 50	k = 333
50
	0.075188	0.555000
	0.052632	0.542500
	0.101504	0.475000
	0.078947	0.562500
	0.071429	0.517500
	0.056391	0.577500
	0.071429	0.572500
	0.063910	0.545000
	0.071429	0.557500
	0.060150	0.552500
	0.105263	0.577500
	0.086466	0.525000
	0.078947	0.535000
	0.067669	0.525000
	0.048872	0.580000
	0.075188	0.540000
	0.101504	0.515000
	0.082707	0.517500
	0.093985	0.512500
	0.063910	0.567500
	0.101504	0.525000
	0.078947	0.500000
	0.090226	0.507500
	0.071429	0.497500
	0.048387	0.632500
Number of SVs: 8975 / 16632
Execute time (in second): 12.905888080596924
i = 3	m = 34	k = 270
34
	0.087963	0.675926
	0.115741	0.648148
	0.111111	0.648148
	0.064815	0.635802
	0.106481	0.706790
	0.064815	0.679012
	0.097222	0.691358
	0.087963	0.694444
	0.120370	0.728395
	0.092593	0.703704
	0.111111	0.694444
	0.143519	0.679012
	0.078704	0.679012
	0.083333	0.728395
	0.074074	0.709877
	0.157407	0.679012
	0.181818	0.712963
Number of SVs: 6157 / 8975
Execute time (in second): 14.740150928497314
i = 4	m = 25	k = 247
25
	0.137056	0.787879
	0.096447	0.750842
	0.111675	0.757576
	0.101523	0.801347
	0.121827	0.747475
	0.177665	0.713805
	0.131980	0.784512
	0.096447	0.811448
	0.065990	0.808081
	0.152284	0.828283
	0.142132	0.754209
	0.131980	0.774411
Number of SVs: 4776 / 6157
Execute time (in second): 15.912116050720215
i = 5	m = 20	k = 239
20
	0.141361	0.790941
	0.125654	0.836237
	0.162304	0.839721
	0.151832	0.777003
	0.167539	0.822300
	0.125654	0.815331
	0.141361	0.756098
	0.188482	0.804878
	0.146597	0.815331
	0.155080	0.804878
Number of SVs: 3843 / 4776
Execute time (in second): 16.88943386077881
Remain SVs: [658 786]
Training time: 21.392900466918945
Accuracy 0.994200
Total time: 31.79449987411499

Adjusted RS SVM ver 2 with Train/Total = 0.700000
i = 1	m = 100	k = 600
100
	0.033333	0.291667
	0.027778	0.260714
	0.022222	0.264286
	0.022222	0.251190
	0.041667	0.225000
	0.025000	0.272619
	0.022222	0.276190
	0.033333	0.283333
	0.041667	0.236905
	0.019444	0.252381
	0.030556	0.257143
	0.033333	0.276190
	0.047222	0.230952
	0.038889	0.303571
	0.027778	0.266667
	0.036111	0.271429
	0.030556	0.248810
	0.013889	0.246429
	0.052778	0.264286
	0.030556	0.264286
	0.025000	0.263095
	0.047222	0.246429
	0.055556	0.253571
	0.033333	0.215476
	0.041667	0.275000
	0.011111	0.241667
	0.016667	0.263095
	0.019444	0.260714
	0.016667	0.267857
	0.030556	0.297619
	0.025000	0.255952
	0.022222	0.296429
	0.022222	0.257143
	0.016667	0.265476
	0.033333	0.295238
	0.038889	0.252381
	0.033333	0.257143
	0.025000	0.269048
	0.036111	0.266667
	0.033333	0.267857
	0.033333	0.269048
	0.047222	0.273810
	0.013889	0.283333
	0.013889	0.280952
	0.025000	0.254762
	0.022222	0.290476
	0.038889	0.265476
	0.036111	0.251190
	0.047222	0.223810
	0.033333	0.291667
Number of SVs: 15790 / 60000
Execute time (in second): 10.49213171005249
i = 2	m = 50	k = 316
50
	0.058201	0.553047
	0.063492	0.580135
	0.063492	0.600451
	0.052910	0.566591
	0.100529	0.546275
	0.074074	0.571106
	0.079365	0.550790
	0.095238	0.584650
	0.063492	0.544018
	0.052910	0.571106
	0.052910	0.568849
	0.111111	0.555305
	0.052910	0.604966
	0.052910	0.593679
	0.089947	0.600451
	0.100529	0.516930
	0.084656	0.559819
	0.089947	0.559819
	0.047619	0.602709
	0.068783	0.521445
	0.084656	0.550790
	0.074074	0.530474
	0.047619	0.537246
	0.052910	0.611738
	0.067039	0.528217
Number of SVs: 8890 / 15790
Execute time (in second): 14.138823509216309
i = 3	m = 34	k = 267
34
	0.125000	0.689840
	0.112500	0.660428
	0.081250	0.689840
	0.062500	0.724599
	0.181250	0.732620
	0.093750	0.713904
	0.075000	0.735294
	0.087500	0.695187
	0.150000	0.700535
	0.100000	0.737968
	0.068750	0.708556
	0.143750	0.783422
	0.143750	0.663102
	0.137500	0.700535
	0.050000	0.724599
	0.118750	0.729947
	0.075000	0.692513
Number of SVs: 6432 / 8890
Execute time (in second): 16.29672622680664
i = 4	m = 25	k = 258
25
	0.129870	0.737569
	0.168831	0.751381
	0.142857	0.809392
	0.077922	0.798343
	0.116883	0.831492
	0.103896	0.812155
	0.123377	0.776243
	0.175325	0.740331
	0.136364	0.787293
	0.149351	0.765193
	0.116883	0.776243
	0.129870	0.784530
Number of SVs: 5024 / 6432
Execute time (in second): 17.77872085571289
i = 5	m = 20	k = 252
20
	0.158940	0.847025
	0.132450	0.810198
	0.145695	0.810198
	0.099338	0.824363
	0.099338	0.855524
	0.125828	0.796034
	0.165563	0.787535
	0.152318	0.810198
	0.178808	0.844193
	0.192593	0.781870
Number of SVs: 4107 / 5024
Execute time (in second): 19.01356291770935
Remain SVs: [735 867]
Training time: 24.481334686279297
Accuracy 0.994800
Total time: 35.87427735328674

Adjusted RS SVM ver 2 with Train/Total = 0.800000
i = 1	m = 100	k = 600
100
	0.020833	0.253125
	0.062500	0.241667
	0.041667	0.260417
	0.012500	0.241667
	0.025000	0.261458
	0.016667	0.279167
	0.004167	0.229167
	0.037500	0.251042
	0.016667	0.265625
	0.033333	0.265625
	0.033333	0.230208
	0.012500	0.237500
	0.037500	0.243750
	0.020833	0.250000
	0.020833	0.255208
	0.020833	0.233333
	0.029167	0.295833
	0.025000	0.266667
	0.033333	0.258333
	0.029167	0.245833
	0.045833	0.260417
	0.054167	0.237500
	0.020833	0.246875
	0.029167	0.268750
	0.033333	0.275000
	0.037500	0.272917
	0.020833	0.268750
	0.037500	0.234375
	0.025000	0.256250
	0.029167	0.240625
	0.016667	0.279167
	0.029167	0.232292
	0.004167	0.238542
	0.012500	0.309375
	0.020833	0.262500
	0.020833	0.268750
	0.008333	0.255208
	0.029167	0.254167
	0.037500	0.251042
	0.033333	0.250000
	0.037500	0.243750
	0.025000	0.252083
	0.016667	0.225000
	0.012500	0.279167
	0.045833	0.251042
	0.008333	0.269792
	0.020833	0.279167
	0.016667	0.283333
	0.050000	0.261458
	0.020833	0.256250
Number of SVs: 15349 / 60000
Execute time (in second): 11.427218675613403
i = 2	m = 50	k = 307
50
	0.122951	0.617886
	0.065574	0.571138
	0.073770	0.565041
	0.057377	0.628049
	0.032787	0.546748
	0.040984	0.563008
	0.073770	0.579268
	0.114754	0.573171
	0.098361	0.601626
	0.057377	0.579268
	0.090164	0.591463
	0.081967	0.591463
	0.057377	0.563008
	0.073770	0.565041
	0.090164	0.650407
	0.024590	0.656504
	0.057377	0.569106
	0.057377	0.589431
	0.073770	0.526423
	0.098361	0.611789
	0.090164	0.571138
	0.040984	0.571138
	0.057377	0.599593
	0.065574	0.591463
	0.074380	0.548780
Number of SVs: 8953 / 15349
Execute time (in second): 15.561468362808228
i = 3	m = 34	k = 269
34
	0.112150	0.726218
	0.102804	0.749420
	0.112150	0.712297
	0.140187	0.721578
	0.168224	0.723898
	0.112150	0.703016
	0.121495	0.716937
	0.130841	0.679814
	0.130841	0.726218
	0.140187	0.719258
	0.093458	0.800464
	0.121495	0.696056
	0.121495	0.737819
	0.121495	0.761021
	0.065421	0.705336
	0.084112	0.747100
	0.130841	0.603248
Number of SVs: 6563 / 8953
Execute time (in second): 18.07071280479431
i = 4	m = 25	k = 263
25
	0.190476	0.769596
	0.180952	0.788599
	0.142857	0.805226
	0.123810	0.790974
	0.133333	0.779097
	0.142857	0.812352
	0.161905	0.790974
	0.142857	0.800475
	0.133333	0.757720
	0.114286	0.788599
	0.095238	0.807601
	0.114286	0.793349
Number of SVs: 5203 / 6563
Execute time (in second): 19.85138249397278
i = 5	m = 20	k = 261
20
	0.134615	0.801435
	0.096154	0.844498
	0.163462	0.854067
	0.134615	0.839713
	0.163462	0.796651
	0.086538	0.849282
	0.134615	0.849282
	0.153846	0.811005
	0.134615	0.839713
	0.160920	0.834928
Number of SVs: 4332 / 5203
Execute time (in second): 21.360239028930664
Remain SVs: [864 940]
Training time: 27.989729642868042
Accuracy 0.995500
Total time: 40.78334164619446

Adjusted RS SVM ver 2 with Train/Total = 0.900000
i = 1	m = 100	k = 600
100
	0.000000	0.223148
	0.016667	0.226852
	0.033333	0.257407
	0.041667	0.262963
	0.025000	0.232407
	0.033333	0.248148
	0.033333	0.218519
	0.000000	0.282407
	0.025000	0.200000
	0.025000	0.274074
	0.058333	0.231481
	0.041667	0.226852
	0.025000	0.231481
	0.008333	0.232407
	0.033333	0.247222
	0.008333	0.254630
	0.066667	0.239815
	0.025000	0.275000
	0.025000	0.227778
	0.016667	0.241667
	0.033333	0.231481
	0.008333	0.225000
	0.000000	0.243519
	0.050000	0.230556
	0.016667	0.203704
	0.025000	0.276852
	0.000000	0.256481
	0.025000	0.287037
	0.016667	0.261111
	0.008333	0.248148
	0.016667	0.253704
	0.016667	0.250926
	0.025000	0.242593
	0.016667	0.248148
	0.041667	0.238889
	0.033333	0.234259
	0.016667	0.232407
	0.033333	0.263889
	0.050000	0.229630
	0.041667	0.249074
	0.033333	0.237037
	0.025000	0.239815
	0.025000	0.247222
	0.008333	0.247222
	0.000000	0.244444
	0.016667	0.243519
	0.016667	0.247222
	0.016667	0.233333
	0.016667	0.212037
	0.041667	0.264815
Number of SVs: 14542 / 60000
Execute time (in second): 12.090257167816162
i = 2	m = 50	k = 291
50
	0.051724	0.690840
	0.068966	0.614504
	0.051724	0.633588
	0.068966	0.664122
	0.103448	0.610687
	0.051724	0.625954
	0.017241	0.614504
	0.051724	0.604962
	0.034483	0.603053
	0.068966	0.580153
	0.051724	0.646947
	0.051724	0.618321
	0.120690	0.654580
	0.086207	0.599237
	0.051724	0.662214
	0.137931	0.618321
	0.068966	0.593511
	0.068966	0.614504
	0.051724	0.610687
	0.155172	0.603053
	0.086207	0.597328
	0.086207	0.606870
	0.086207	0.576336
	0.017241	0.595420
	0.020000	0.601145
Number of SVs: 8958 / 14542
Execute time (in second): 16.498254776000977
i = 3	m = 34	k = 269
34
	0.132075	0.758763
	0.132075	0.777320
	0.056604	0.729897
	0.113208	0.705155
	0.132075	0.727835
	0.113208	0.791753
	0.094340	0.754639
	0.094340	0.762887
	0.132075	0.748454
	0.056604	0.779381
	0.075472	0.750515
	0.075472	0.752577
	0.113208	0.734021
	0.150943	0.696907
	0.075472	0.729897
	0.018868	0.783505
	0.169811	0.577320
Number of SVs: 6741 / 8958
Execute time (in second): 19.355152130126953
i = 4	m = 25	k = 270
25
	0.203704	0.812757
	0.166667	0.765432
	0.111111	0.810700
	0.074074	0.812757
	0.129630	0.843621
	0.018519	0.794239
	0.148148	0.806584
	0.185185	0.775720
	0.111111	0.816872
	0.148148	0.814815
	0.129630	0.798354
	0.129630	0.802469
Number of SVs: 5423 / 6741
Execute time (in second): 21.4765145778656
Remain SVs: [ 983 1118]
Training time: 31.879701375961304
Accuracy 0.995200
Total time: 46.82049369812012

=================================================
DATASET: ./dataset/census.train
Ramdom Sampling SVM with Ratio
Adjusted RS SVM ver 2 with Train/Total = 0.500000
i = 1	m = 100	k = 1996
100
	0.060120	0.148798
	0.067635	0.163828
	0.058116	0.150802
	0.059118	0.145291
	0.063627	0.152806
	0.056613	0.151303
	0.059619	0.149299
	0.055110	0.169840
	0.065130	0.137275
	0.061122	0.165331
	0.062124	0.167836
	0.047595	0.150301
	0.055611	0.163828
	0.059619	0.147295
	0.061623	0.167836
	0.053607	0.150802
	0.068136	0.152806
	0.060621	0.151303
	0.066633	0.140782
	0.057114	0.143788
	0.066633	0.159820
	0.058116	0.171343
	0.058617	0.143287
	0.069639	0.163828
	0.054108	0.148798
	0.061623	0.149800
	0.056112	0.164329
	0.058116	0.167836
	0.046593	0.186373
	0.059118	0.144289
	0.060621	0.159820
	0.051603	0.148798
	0.054609	0.157315
	0.051102	0.160822
	0.051603	0.154810
	0.065631	0.143287
	0.064629	0.148798
	0.062124	0.153307
	0.054609	0.159319
	0.070140	0.143287
	0.060621	0.165832
	0.055611	0.156814
	0.064629	0.157816
	0.050601	0.146293
	0.052605	0.166834
	0.057114	0.148798
	0.053106	0.156814
	0.063627	0.140782
	0.062625	0.153808
	0.057843	0.158818
Number of SVs: 30900 / 199523
Execute time (in second): 14.554840564727783
i = 2	m = 50	k = 618
50
	0.221683	0.466019
	0.242718	0.530744
	0.241100	0.535599
	0.218447	0.480583
	0.236246	0.540453
	0.223301	0.519417
	0.200647	0.493528
	0.239482	0.546926
	0.215210	0.485437
	0.250809	0.517799
	0.237864	0.558252
	0.202265	0.540453
	0.234628	0.601942
	0.199029	0.529126
	0.218447	0.545307
	0.203883	0.538835
	0.208738	0.508091
	0.216828	0.527508
	0.226537	0.529126
	0.223301	0.527508
	0.229773	0.516181
	0.233010	0.430421
	0.213592	0.577670
	0.211974	0.567961
	0.205502	0.540453
Number of SVs: 16235 / 30900
Execute time (in second): 16.983243465423584
i = 3	m = 34	k = 488
34
	0.305328	0.719262
	0.340164	0.747951
	0.309426	0.651639
	0.358607	0.776639
	0.280738	0.760246
	0.346311	0.747951
	0.313525	0.659836
	0.319672	0.733607
	0.348361	0.682377
	0.346311	0.647541
	0.348361	0.760246
	0.309426	0.727459
	0.295082	0.737705
	0.319672	0.739754
	0.334016	0.729508
	0.317623	0.805328
	0.381679	0.674180
Number of SVs: 11792 / 16235
Execute time (in second): 18.37770962715149
i = 4	m = 25	k = 472
25
	0.434322	0.838983
	0.411017	0.868644
	0.419492	0.800847
	0.394068	0.752119
	0.398305	0.855932
	0.368644	0.783898
	0.387712	0.843220
	0.353814	0.845339
	0.379237	0.802966
	0.370763	0.790254
	0.385593	0.830508
	0.362288	0.834746
Number of SVs: 9660 / 11792
Execute time (in second): 19.46205186843872
Remain SVs: [3976 3889]
Training time: 36.019561529159546
Accuracy 0.945961
Total time: 178.04626417160034

Adjusted RS SVM ver 2 with Train/Total = 0.600000
i = 1	m = 100	k = 1996
100
	0.050125	0.165693
	0.056391	0.167362
	0.057644	0.159432
	0.059524	0.150668
	0.057018	0.167780
	0.064536	0.161102
	0.057018	0.134391
	0.053258	0.150250
	0.061404	0.153172
	0.058897	0.152337
	0.063283	0.161102
	0.072055	0.157763
	0.060777	0.144407
	0.051378	0.127713
	0.055764	0.148164
	0.058897	0.137312
	0.077068	0.143990
	0.062657	0.166945
	0.062657	0.158598
	0.063910	0.152337
	0.064536	0.147746
	0.060150	0.147329
	0.065789	0.147746
	0.067043	0.150250
	0.055138	0.151920
	0.063283	0.152337
	0.063283	0.154841
	0.060150	0.137730
	0.066416	0.148998
	0.067043	0.151085
	0.055764	0.154007
	0.053258	0.147746
	0.063283	0.146912
	0.068296	0.141068
	0.061404	0.146077
	0.052005	0.145659
	0.070175	0.154424
	0.058897	0.146494
	0.050752	0.148581
	0.053258	0.150250
	0.062657	0.135225
	0.051378	0.154424
	0.057644	0.149833
	0.056391	0.157346
	0.062657	0.151085
	0.063283	0.156928
	0.066416	0.147746
	0.062030	0.166528
	0.052632	0.122705
	0.055300	0.151920
Number of SVs: 29999 / 199523
Execute time (in second): 16.876001119613647
i = 2	m = 50	k = 600
50
	0.270833	0.552778
	0.237500	0.559722
	0.272917	0.595833
	0.214583	0.563889
	0.243750	0.584722
	0.275000	0.648611
	0.281250	0.604167
	0.227083	0.558333
	0.258333	0.601389
	0.231250	0.623611
	0.241667	0.586111
	0.262500	0.581944
	0.229167	0.651389
	0.254167	0.586111
	0.272917	0.602778
	0.256250	0.633333
	0.308333	0.577778
	0.256250	0.583333
	0.264583	0.577778
	0.252083	0.544444
	0.272917	0.576389
	0.233333	0.648611
	0.277083	0.609722
	0.275000	0.586111
	0.248434	0.586111
Number of SVs: 17764 / 29999
Execute time (in second): 19.977022886276245
i = 3	m = 34	k = 533
34
	0.295775	0.778125
	0.340376	0.795312
	0.420188	0.773438
	0.368545	0.770312
	0.380282	0.798438
	0.323944	0.785937
	0.394366	0.834375
	0.373239	0.793750
	0.401408	0.782813
	0.359155	0.810937
	0.333333	0.757812
	0.321596	0.745313
	0.349765	0.768750
	0.417840	0.796875
	0.377934	0.818750
	0.375587	0.756250
	0.426471	0.817187
Number of SVs: 13973 / 17764
Execute time (in second): 22.08850884437561
i = 4	m = 25	k = 559
25
	0.422819	0.867362
	0.411633	0.892697
	0.378076	0.882265
	0.425056	0.852459
	0.393736	0.831595
	0.418345	0.912072
	0.420582	0.912072
	0.445190	0.904620
	0.449664	0.910581
	0.420582	0.877794
	0.456376	0.885246
	0.413870	0.891207
Number of SVs: 12330 / 13973
Execute time (in second): 23.979234218597412
Remain SVs: [5343 5243]
Training time: 51.85222005844116
Accuracy 0.946102
Total time: 241.85362076759338

Adjusted RS SVM ver 2 with Train/Total = 0.700000
i = 1	m = 100	k = 1996
100
	0.047619	0.148122
	0.059315	0.140608
	0.050961	0.153488
	0.071011	0.153131
	0.059315	0.148837
	0.049290	0.146691
	0.056809	0.142397
	0.046784	0.147764
	0.060986	0.151342
	0.050961	0.163864
	0.060150	0.147406
	0.064327	0.162791
	0.048454	0.126297
	0.070175	0.159571
	0.053467	0.146333
	0.052632	0.163506
	0.051796	0.161360
	0.064327	0.151342
	0.044277	0.159571
	0.060150	0.140966
	0.060150	0.152057
	0.060150	0.141682
	0.056809	0.162433
	0.052632	0.147764
	0.062657	0.141682
	0.055973	0.154562
	0.059315	0.132021
	0.055138	0.134168
	0.065163	0.157066
	0.061821	0.145259
	0.066834	0.145617
	0.063492	0.153846
	0.062657	0.147406
	0.065998	0.153846
	0.056809	0.146691
	0.055138	0.145617
	0.055138	0.158855
	0.060150	0.151699
	0.070175	0.146333
	0.065163	0.137388
	0.072682	0.160644
	0.054302	0.155277
	0.058480	0.163506
	0.059315	0.142039
	0.054302	0.150984
	0.056809	0.148837
	0.072682	0.152057
	0.070175	0.158140
	0.051796	0.145975
	0.061607	0.157066
Number of SVs: 29914 / 199523
Execute time (in second): 19.632758617401123
i = 2	m = 50	k = 599
50
	0.295265	0.666269
	0.295265	0.669845
	0.284123	0.696067
	0.245125	0.649583
	0.264624	0.673421
	0.320334	0.713945
	0.306407	0.669845
	0.275766	0.617402
	0.306407	0.722288
	0.298050	0.626937
	0.314763	0.668653
	0.309192	0.641240
	0.247911	0.672229
	0.267409	0.674613
	0.281337	0.668653
	0.289694	0.663886
	0.253482	0.680572
	0.270195	0.640048
	0.275766	0.631704
	0.295265	0.653159
	0.289694	0.709178
	0.314763	0.622169
	0.272981	0.667461
	0.231198	0.682956
	0.303406	0.681764
Number of SVs: 19940 / 29914
Execute time (in second): 23.6961669921875
i = 3	m = 34	k = 599
34
	0.409471	0.854589
	0.392758	0.836710
	0.403900	0.824791
	0.403900	0.840286
	0.415042	0.811681
	0.384401	0.879619
	0.387187	0.852205
	0.350975	0.809297
	0.381616	0.812872
	0.367688	0.866508
	0.401114	0.841478
	0.401114	0.848629
	0.364903	0.823600
	0.356546	0.858164
	0.392758	0.853397
	0.364903	0.872467
	0.426184	0.780691
Number of SVs: 17073 / 19940
Execute time (in second): 26.981613636016846
Remain SVs: [7287 7140]
Training time: 79.1344621181488
Accuracy 0.945911
Total time: 335.46285820007324

Adjusted RS SVM ver 2 with Train/Total = 0.800000
i = 1	m = 100	k = 1996
100
	0.062657	0.136506
	0.062657	0.151221
	0.056391	0.150595
	0.046366	0.136819
	0.067669	0.137132
	0.070175	0.142142
	0.061404	0.151847
	0.076441	0.157170
	0.055138	0.139324
	0.051378	0.143081
	0.053885	0.142142
	0.062657	0.150282
	0.065163	0.160614
	0.057644	0.136819
	0.062657	0.136193
	0.061404	0.157170
	0.060150	0.134001
	0.050125	0.147777
	0.047619	0.146212
	0.058897	0.148090
	0.078947	0.154352
	0.056391	0.144646
	0.073935	0.147777
	0.053885	0.150908
	0.061404	0.147777
	0.053885	0.151534
	0.057644	0.152160
	0.063910	0.158735
	0.075188	0.159674
	0.057644	0.147151
	0.047619	0.157796
	0.063910	0.159987
	0.065163	0.135254
	0.058897	0.154665
	0.061404	0.130244
	0.051378	0.154352
	0.062657	0.144333
	0.046366	0.128366
	0.055138	0.140889
	0.065163	0.145899
	0.060150	0.143707
	0.053885	0.150282
	0.051378	0.154039
	0.063910	0.148716
	0.065163	0.154665
	0.047619	0.157483
	0.057644	0.147151
	0.056391	0.134941
	0.055138	0.135254
	0.051318	0.151534
Number of SVs: 29286 / 199523
Execute time (in second): 22.130103588104248
i = 2	m = 50	k = 586
50
	0.341880	0.754797
	0.350427	0.713220
	0.320513	0.729211
	0.311966	0.762260
	0.333333	0.745203
	0.286325	0.713220
	0.286325	0.723881
	0.320513	0.762260
	0.346154	0.766525
	0.299145	0.772921
	0.358974	0.735608
	0.337607	0.688699
	0.316239	0.719616
	0.393162	0.683369
	0.260684	0.768657
	0.290598	0.735608
	0.329060	0.727079
	0.350427	0.730277
	0.316239	0.724947
	0.282051	0.750533
	0.269231	0.689765
	0.346154	0.708955
	0.346154	0.719616
	0.346154	0.734542
	0.331818	0.719616
Number of SVs: 21401 / 29286
Execute time (in second): 26.90228271484375
i = 3	m = 34	k = 643
34
	0.435798	0.896987
	0.420233	0.887269
	0.431907	0.891156
	0.392996	0.884354
	0.482490	0.875607
	0.424125	0.877551
	0.459144	0.878523
	0.369650	0.899903
	0.439689	0.846453
	0.408560	0.895044
	0.490272	0.879495
	0.439689	0.884354
	0.357977	0.896016
	0.459144	0.905734
	0.443580	0.872692
	0.451362	0.909621
	0.447471	0.721088
Number of SVs: 19144 / 21401
Execute time (in second): 31.282169342041016
Remain SVs: [8466 8348]
Training time: 97.40632200241089
Accuracy 0.946342
Total time: 396.12627387046814

Adjusted RS SVM ver 2 with Train/Total = 0.900000
i = 1	m = 100	k = 1996
100
	0.042607	0.148066
	0.050125	0.141943
	0.070175	0.143891
	0.052632	0.145004
	0.055138	0.151684
	0.060150	0.154467
	0.052632	0.144448
	0.062657	0.141108
	0.075188	0.162817
	0.072682	0.139438
	0.065163	0.150292
	0.052632	0.141943
	0.060150	0.145839
	0.047619	0.156694
	0.080201	0.145004
	0.057644	0.142499
	0.055138	0.158642
	0.065163	0.145561
	0.055138	0.155580
	0.055138	0.137768
	0.057644	0.146396
	0.055138	0.143334
	0.082707	0.146952
	0.060150	0.143613
	0.060150	0.143613
	0.050125	0.151962
	0.057644	0.146396
	0.055138	0.146117
	0.070175	0.162260
	0.055138	0.152240
	0.050125	0.144726
	0.057644	0.134985
	0.062657	0.139716
	0.062657	0.153354
	0.062657	0.151684
	0.050125	0.146396
	0.040100	0.141108
	0.045113	0.145004
	0.050125	0.146952
	0.045113	0.137211
	0.065163	0.133315
	0.065163	0.140273
	0.037594	0.139994
	0.060150	0.133315
	0.047619	0.140551
	0.057644	0.156694
	0.067669	0.152519
	0.062657	0.146674
	0.050125	0.141664
	0.049689	0.150849
Number of SVs: 29140 / 199523
Execute time (in second): 24.850261688232422
i = 2	m = 50	k = 583
50
	0.387931	0.820000
	0.431034	0.812381
	0.387931	0.754286
	0.405172	0.834286
	0.370690	0.822857
	0.318966	0.797143
	0.379310	0.805714
	0.422414	0.799048
	0.275862	0.793333
	0.379310	0.787619
	0.362069	0.800952
	0.362069	0.826667
	0.353448	0.807619
	0.413793	0.770476
	0.413793	0.804762
	0.318966	0.758095
	0.310345	0.811429
	0.362069	0.809524
	0.405172	0.794286
	0.344828	0.779048
	0.327586	0.794286
	0.370690	0.789524
	0.379310	0.799048
	0.387931	0.831429
	0.377358	0.811429
Number of SVs: 23313 / 29140
Execute time (in second): 30.64531946182251
i = 3	m = 34	k = 700
0.429411824	0.904481706

Number of SVs: 21510 / 23313
Execute time (in second): 36.498708963394165
Remain SVs: [9805 9675]
Training time: 121.25469279289246
Accuracy 0.941531
Total time: 465.73968958854675
